100033	78,50,66,75,77,75,75,68,75,77,5,7,19,15,10,2
101041	55,67,69,58,59,67,47,25,20,21,7,12,31,10,15,0
101042	63,46,56,68,74,65,63,62,64,61,6,14,6,9,14,1
101070	39,36,68,54,49,33,59,68,72,75,9,16,21,13,15,1
101091	62,41,53,58,64,51,66,62,64,65,12,12,15,13,13,0
101103	59,48,69,74,67,76,82,80,80,83,4,14,22,7,12,2
101192	70,65,57,79,70,66,69,61,63,69,10,13,19,12,14,2
101197	68,64,62,67,79,71,47,32,40,34,12,13,18,11,9,1
101201	50,42,73,62,62,44,68,72,73,72,8,9,18,12,14,2
101419	47,69,61,59,77,74,30,30,43,40,8,10,13,15,7,2
101422	74,63,57,70,82,69,37,23,29,21,5,10,20,8,10,2
101426	52,64,65,56,64,64,39,25,25,23,7,10,25,9,12,0
101434	68,71,66,66,87,80,26,24,24,24,15,9,5,13,6,2
101501	55,24,77,57,64,74,67,72,74,77,9,11,20,10,11,2
101503	51,41,56,61,69,61,61,70,68,58,7,14,36,16,17,1
101584	20,18,18,22,44,32,26,18,19,18,73,66,67,70,75,2
101586	54,22,53,62,63,38,68,65,65,66,15,15,14,7,9,0
101588	54,71,63,52,72,73,35,17,21,15,5,16,22,15,14,1
101589	38,67,65,55,63,71,29,21,30,23,8,5,11,15,15,0
101590	14,13,15,36,45,33,25,17,18,17,65,65,73,73,61,1
101920	25,25,25,25,44,25,25,25,25,25,70,59,46,60,71,0
101969	55,78,76,65,73,79,43,34,34,25,12,13,15,9,16,2
101982	51,58,49,61,69,46,45,21,32,30,6,17,15,11,17,0
101983	19,17,21,21,45,28,35,16,17,14,68,67,64,71,73,1
102002	48,60,74,50,55,68,37,22,30,26,6,12,27,14,17,0
102290	59,68,53,60,79,72,24,27,38,34,12,15,8,5,8,1
102301	64,67,56,68,75,66,31,19,19,16,5,14,13,8,14,1
102356	69,29,61,69,76,45,72,69,75,75,14,15,13,15,5,1
102374	63,51,59,67,69,69,50,54,49,43,9,15,46,19,16,0
102394	21,17,17,24,50,18,28,16,15,11,70,61,63,62,72,0
102572	59,74,53,65,76,73,30,20,20,16,6,7,13,12,11,2
102602	57,54,42,53,67,55,40,51,48,43,6,13,16,10,8,0
102612	62,60,50,77,66,81,63,54,65,66,11,13,26,13,11,1
102614	54,33,63,58,58,54,65,64,64,66,11,9,21,9,10,0
102619	57,69,80,55,60,76,51,32,33,44,11,15,26,13,15,1
102620	72,47,68,61,65,53,71,69,73,75,9,9,20,14,9,2
102622	59,53,68,78,64,60,71,61,68,59,10,14,16,14,15,2
102623	44,71,64,50,64,67,26,23,22,23,6,7,15,15,9,1
102626	62,26,64,59,73,58,65,66,65,65,13,14,32,15,15,1
102628	47,48,46,68,67,71,65,58,69,60,5,16,23,10,12,1
102630	22,18,77,54,50,43,66,71,72,63,8,11,29,15,12,1
102631	55,69,67,55,74,73,35,20,20,15,11,11,18,8,12,1
102658	59,42,58,64,70,58,54,63,66,62,7,13,37,13,14,0
102699	68,64,53,69,72,67,59,21,34,21,8,13,19,13,9,1
102716	55,68,63,58,67,68,24,24,27,25,13,7,12,11,5,1
102719	60,66,59,62,72,66,37,24,22,32,10,8,17,14,13,1
102725	53,69,49,59,72,64,50,31,28,32,13,19,35,18,18,0
102777	55,43,67,64,52,56,60,60,62,54,6,11,19,14,8,0
102879	68,61,56,79,58,77,60,45,48,41,13,14,17,13,11,2
102912	67,61,45,61,68,70,47,30,24,32,9,15,26,14,15,1
103089	47,36,74,60,52,66,57,65,69,65,7,13,16,11,8,1
103139	66,63,38,73,77,62,32,20,29,23,13,16,24,10,13,2
103218	23,23,23,37,47,23,25,23,24,24,71,70,71,73,73,2
103266	43,23,74,60,66,58,80,82,81,79,6,7,14,8,9,2
103372	17,12,17,41,35,39,18,17,19,15,64,67,66,74,66,1
103386	62,72,72,64,71,74,24,23,25,20,6,11,10,10,7,1
103419	59,66,67,70,66,68,52,51,59,57,6,8,16,11,8,1
103424	70,65,62,67,82,73,38,32,41,41,13,8,14,10,11,2
103428	21,16,19,37,48,18,26,18,21,19,72,71,69,75,76,2
103450	77,79,49,81,93,78,37,21,38,31,5,11,15,9,9,3
103468	15,16,20,34,44,22,23,17,19,13,69,65,63,69,69,1
103470	31,21,66,59,61,43,66,71,72,74,12,13,19,13,9,1
10348	68,74,58,75,73,74,32,32,22,47,8,11,16,16,12,2
103485	23,23,28,28,52,26,23,23,23,23,58,64,60,63,59,0
103487	53,28,62,67,60,54,54,62,66,67,6,17,27,13,17,0
103684	63,53,40,60,79,42,53,50,50,51,9,9,15,11,8,0
103686	64,67,46,62,80,60,39,30,34,32,11,12,15,14,15,1
103691	54,35,68,39,57,69,53,63,68,64,11,14,16,17,15,0
103714	55,64,59,57,80,63,21,20,27,26,5,13,11,5,8,0
103846	57,56,45,62,81,68,40,45,46,39,7,11,5,9,14,0
103862	63,55,47,63,60,58,23,21,27,33,13,7,15,15,15,0
103866	50,74,67,51,70,73,41,30,31,29,5,7,10,15,5,2
103869	59,61,58,74,70,62,68,60,70,68,10,11,19,13,10,1
103882	57,32,61,60,75,68,64,62,64,68,12,14,24,11,9,1
103888	36,60,63,49,65,63,29,21,20,19,10,14,18,16,16,0
103899	63,74,80,75,73,77,63,50,58,56,9,12,21,16,11,2
103904	70,62,63,63,79,71,54,43,48,53,12,10,20,14,16,1
103905	71,58,60,64,76,72,68,57,64,60,12,8,12,9,13,2
103941	46,70,73,58,58,75,20,28,32,22,9,13,8,8,14,1
103964	61,20,40,55,70,19,56,61,56,60,15,5,15,8,12,0
104002	61,54,59,66,79,65,46,57,62,58,13,15,14,11,14,0
104003	67,60,39,46,85,66,22,23,24,22,8,6,15,12,12,0
104005	57,37,42,60,67,55,67,63,66,63,13,8,12,13,6,0
104010	55,60,48,63,64,58,44,32,37,32,10,18,46,17,17,0
104033	20,20,20,22,56,23,24,20,20,20,72,67,69,70,74,1
10404	74,71,61,72,74,76,59,34,46,46,11,17,48,19,19,2
104045	39,79,83,62,61,77,41,27,34,23,7,12,17,12,9,2
104377	61,69,64,61,80,71,36,23,27,32,6,9,18,16,15,1
104378	18,16,18,30,65,45,37,17,18,19,71,66,62,69,70,1
104382	73,47,57,69,78,67,66,64,67,72,9,13,21,16,10,1
104384	19,16,20,35,57,34,19,15,13,10,62,58,65,62,67,0
104386	64,54,43,64,74,59,57,54,56,62,10,10,25,14,10,0
104389	69,67,45,67,82,78,29,24,23,25,12,7,20,13,15,1
104392	53,69,65,60,68,65,50,18,22,18,11,16,21,13,10,0
104404	61,61,60,64,74,66,44,24,36,23,10,15,14,8,8,1
104406	60,62,67,64,73,67,39,17,21,16,14,14,12,15,15,1
104410	61,58,52,63,69,66,61,51,58,56,16,15,11,11,15,0
104411	54,37,64,66,63,65,72,63,67,66,10,14,20,10,12,1
104415	61,42,53,61,62,56,59,59,59,59,9,14,21,15,9,0
104432	13,17,17,23,30,20,17,13,16,12,60,58,52,54,57,0
104434	47,65,64,58,65,65,27,18,34,20,9,9,15,15,13,0
104482	69,54,63,71,72,68,69,70,72,71,13,11,13,11,8,2
104646	50,62,66,66,77,67,49,40,36,32,6,12,8,11,8,1
10474	51,64,61,68,61,72,25,25,21,25,12,9,10,10,7,0
104744	61,42,59,73,54,76,69,47,65,56,6,9,6,10,5,1
104778	61,51,46,60,79,55,45,48,49,53,5,5,8,8,9,0
10491	72,67,65,74,72,83,46,50,42,32,9,16,18,10,13,2
104911	57,54,60,70,74,66,66,66,66,67,13,9,14,9,9,1
104986	21,19,19,27,60,24,32,18,19,16,73,70,67,69,77,2
105022	61,62,63,63,65,59,33,39,41,40,10,10,24,14,9,0
105327	52,64,55,51,77,65,34,23,24,27,5,13,19,15,10,0
105351	51,36,59,68,76,58,78,68,80,74,8,10,20,8,14,2
105526	57,36,63,59,56,54,59,61,64,61,13,13,22,18,17,0
105535	58,58,55,59,65,54,52,35,33,34,11,9,8,7,12,0
105548	47,72,66,65,85,69,27,21,28,21,11,8,11,8,10,2
105610	61,66,57,70,66,76,45,20,27,23,10,11,14,9,10,1
105680	58,65,48,71,74,70,36,22,46,45,10,15,21,15,13,0
105695	64,26,57,60,68,47,62,65,64,67,9,12,15,8,9,0
105826	55,22,49,50,80,40,57,58,58,56,8,13,13,13,13,0
105827	67,60,34,78,71,76,48,41,49,46,9,13,21,9,12,1
105828	17,16,15,24,45,37,17,19,21,19,73,68,61,72,75,1
105919	59,69,50,69,68,71,38,22,21,20,13,14,23,11,10,1
105925	51,48,62,72,58,66,64,58,62,48,10,9,19,16,16,1
106013	49,45,66,69,70,68,66,67,72,70,9,15,15,11,12,1
106175	55,46,73,60,56,73,65,71,71,67,7,11,28,13,16,1
106228	69,68,62,62,83,71,46,33,28,32,7,9,13,16,16,2
106292	49,78,76,64,65,74,47,21,37,26,6,10,12,15,10,2
106294	16,16,12,29,53,49,28,11,17,15,72,72,60,70,75,1
106309	51,42,74,68,69,64,66,71,75,72,11,13,21,13,14,2
106369	62,61,50,60,86,65,35,28,31,28,8,8,15,8,15,0
10637	19,19,18,21,36,25,26,20,19,17,71,72,65,63,72,1
106373	58,32,57,64,67,54,61,65,68,71,10,15,15,15,10,0
106474	53,68,58,58,68,73,39,27,29,25,10,16,18,9,16,1
106559	63,60,60,59,82,65,53,36,38,29,8,14,24,14,13,0
106600	41,70,64,52,56,85,21,22,18,19,14,11,15,7,15,1
106640	70,71,64,61,83,73,42,32,39,31,6,6,10,13,11,1
106641	65,44,45,69,69,50,53,53,62,55,10,12,9,6,7,0
106910	56,44,65,60,66,56,61,70,68,68,12,12,12,10,11,1
107001	25,25,25,31,38,26,25,25,25,25,63,60,56,59,66,0
107066	65,47,56,59,64,59,68,66,69,70,12,12,23,13,11,1
107132	63,50,65,74,75,70,65,64,66,61,9,7,10,13,5,1
107216	45,66,62,55,76,67,44,41,48,44,6,17,32,16,14,0
107280	54,70,65,56,68,67,32,30,43,38,5,10,13,10,10,1
107281	64,67,53,69,77,69,34,23,28,30,5,8,19,16,9,1
107408	54,24,52,52,71,44,53,60,60,59,12,12,17,12,11,0
107415	30,65,73,46,70,63,26,19,22,20,5,12,13,7,6,0
107417	75,76,58,81,88,73,42,28,29,23,9,13,14,10,10,3
107502	64,48,55,73,69,70,64,57,64,61,11,15,11,15,10,1
107588	73,45,62,71,77,53,67,67,71,72,6,7,18,7,14,2
107717	36,74,74,68,69,72,54,28,32,34,10,15,8,13,6,2
107792	64,31,42,59,58,42,55,42,59,58,14,10,14,15,7,0
107806	22,23,25,26,45,22,27,22,21,20,67,61,63,64,69,0
107848	65,37,55,63,65,64,71,48,53,51,8,11,10,11,7,0
107920	54,74,75,59,66,75,33,28,28,22,9,8,18,13,8,2
107929	52,50,75,67,57,66,72,73,72,78,9,13,22,9,9,2
107930	66,51,50,78,66,66,65,58,69,63,5,8,17,14,11,2
107983	52,66,47,46,80,60,35,21,26,25,4,12,16,12,16,0
107987	70,66,41,75,75,68,36,27,27,24,10,15,13,7,14,2
107994	42,43,48,46,66,48,48,58,70,68,8,20,43,18,18,0
108038	60,70,57,71,82,70,53,40,41,37,13,9,25,13,9,2
108075	62,39,66,58,72,57,65,65,67,68,12,16,17,15,14,1
108179	50,37,44,64,59,54,24,34,39,33,13,15,8,8,5,0
108381	54,63,68,60,58,69,31,25,26,21,6,6,15,10,8,0
108401	62,55,63,73,60,71,68,54,59,54,8,13,11,7,12,1
108451	47,37,72,58,55,65,57,66,66,63,12,11,11,13,13,0
108461	64,52,54,66,74,62,28,24,24,26,13,7,12,12,8,1
108521	53,30,60,66,55,57,62,71,68,64,13,7,25,11,5,1
108524	55,21,65,53,63,58,63,68,69,69,14,9,15,13,12,1
108525	52,67,59,64,76,68,36,19,27,31,14,5,13,5,5,1
108535	59,53,65,69,64,69,50,64,68,72,8,15,27,10,13,1
108568	76,63,47,87,68,70,70,60,74,63,11,10,19,9,11,2
108572	42,47,66,63,54,73,70,65,72,62,5,14,21,16,15,1
108760	59,37,53,56,66,36,37,20,48,30,9,7,10,9,7,0
10880	59,67,59,68,60,57,61,57,60,57,12,11,13,12,8,0
108807	61,67,70,61,71,70,51,33,43,28,5,18,44,17,17,1
108808	67,81,72,73,81,85,37,22,25,21,8,5,11,6,6,3
108809	62,72,72,69,68,75,46,36,40,36,5,11,20,7,6,1
108917	56,18,58,58,62,30,50,59,61,53,7,16,34,17,17,0
108956	61,35,53,59,63,69,61,62,65,64,10,14,32,14,14,0
108994	72,46,57,70,77,76,64,64,65,65,9,16,14,8,8,1
109055	35,36,65,53,55,65,70,70,71,70,9,6,9,10,13,1
109058	62,65,77,78,69,78,77,73,73,71,6,11,26,12,13,2
109060	18,19,20,36,47,19,32,19,18,25,76,68,78,70,79,2
109061	68,58,62,73,65,68,69,63,68,69,9,16,18,9,8,1
109065	64,39,51,61,76,46,56,55,60,60,4,12,21,15,9,0
109087	57,58,47,66,67,70,59,61,64,59,9,11,7,15,8,0
109088	42,30,49,55,63,32,55,63,60,58,8,11,12,14,15,0
109121	49,81,75,64,79,72,27,21,22,23,13,15,12,13,6,2
109147	60,23,62,63,70,38,62,62,63,61,9,6,7,12,15,0
109191	57,28,56,52,68,39,59,61,59,59,6,7,14,15,10,0
109222	19,16,19,41,48,41,23,15,24,28,76,74,70,74,80,2
109280	38,65,72,63,68,70,39,21,20,20,9,11,18,15,8,1
109281	45,26,57,53,54,39,46,60,61,66,5,18,32,17,17,0
109288	46,70,75,59,53,74,30,20,23,18,7,13,17,11,14,1
109298	79,54,58,76,83,67,75,70,75,77,9,10,13,7,8,2
10933	65,65,61,71,64,60,60,60,63,49,9,14,15,13,15,0
109330	59,57,58,76,76,66,74,69,71,72,11,11,23,16,9,2
109331	43,22,65,65,44,58,67,65,67,64,6,11,13,8,10,1
109332	72,50,52,69,74,81,57,59,62,60,9,11,27,11,13,0
109338	73,40,62,70,74,74,67,62,69,70,10,7,12,11,14,1
109434	56,65,68,52,72,68,22,18,29,16,10,12,16,12,14,0
109491	58,71,69,62,79,68,42,20,28,20,11,12,16,14,10,1
10950	45,37,76,49,38,62,68,70,73,65,12,12,13,9,12,1
109588	48,53,57,56,66,62,22,24,18,21,9,13,6,11,5,0
109589	20,19,48,52,60,32,38,49,52,40,8,19,34,19,19,0
109615	46,26,76,71,75,60,74,74,75,74,9,10,22,13,15,2
109621	53,42,67,75,67,69,74,72,74,71,6,16,21,16,14,2
109622	22,20,20,22,27,20,20,18,20,19,64,56,55,62,64,0
109637	62,31,59,70,67,49,65,64,66,65,14,14,46,16,17,1
109638	66,68,80,76,72,83,71,64,74,72,7,9,21,16,14,2
109639	50,49,62,65,55,73,65,62,64,65,8,7,7,6,9,0
109647	51,27,65,58,52,63,64,64,66,67,8,11,14,11,10,1
109648	59,56,57,66,64,72,60,55,59,62,5,13,28,16,10,1
109649	63,51,63,73,49,72,69,68,68,68,5,15,18,8,7,1
109650	9,14,17,15,26,39,19,16,24,17,57,63,51,63,61,0
109651	72,58,62,69,80,65,67,73,73,75,7,16,21,9,10,2
109652	54,42,48,73,78,61,72,65,73,73,9,13,19,14,15,2
109653	66,60,39,68,69,76,40,33,34,28,9,11,17,13,13,1
10967	65,58,57,70,71,70,68,64,70,72,14,14,11,9,9,1
109786	39,18,66,58,53,38,60,62,62,57,11,11,13,7,13,0
109897	40,29,78,58,63,39,68,72,76,74,8,10,13,10,15,2
109898	63,61,66,74,58,69,55,58,63,58,8,16,18,11,15,1
110106	35,23,73,55,55,70,51,63,62,60,15,15,20,15,14,0
110107	45,63,53,64,60,65,51,49,47,47,7,7,13,15,5,0
110108	6,12,24,14,47,16,6,10,9,9,55,64,44,60,50,0
110110	81,45,65,71,44,68,63,57,60,44,6,5,11,15,5,1
110112	13,17,13,16,37,26,13,17,15,17,61,63,61,61,57,0
110113	63,50,76,58,66,40,63,67,66,65,13,9,10,11,5,0
110135	53,52,56,67,65,59,63,58,60,54,10,10,11,15,11,0
110136	54,46,47,58,67,50,54,33,46,38,12,9,15,13,13,0
110137	56,65,59,65,73,71,44,41,48,40,13,14,13,7,15,0
110138	55,23,55,57,67,54,63,68,68,73,11,17,39,17,18,1
110139	58,60,61,70,59,74,63,49,54,59,11,16,28,10,15,1
110140	52,52,42,46,78,57,33,24,28,23,12,17,26,14,14,0
110142	35,35,64,59,36,53,62,63,65,63,14,14,12,7,15,0
110145	60,44,58,64,74,68,65,67,64,65,6,7,13,9,11,0
110146	51,45,47,56,68,50,51,56,57,55,6,16,34,18,19,0
110147	39,37,77,65,61,72,73,74,79,74,8,12,15,10,14,2
110148	76,69,68,72,79,78,42,30,41,29,12,15,15,11,15,2
110150	54,21,58,60,67,44,61,63,64,61,11,5,13,7,10,0
110154	24,22,27,28,38,30,29,24,25,18,60,62,56,57,65,0
110156	58,47,57,66,65,72,61,49,56,60,6,10,27,10,13,0
110159	58,53,52,66,69,63,57,51,57,66,6,14,26,12,16,0
110161	52,74,73,63,67,66,30,28,31,33,11,12,13,15,9,1
110168	31,19,64,48,57,27,55,61,62,58,8,16,22,13,15,0
110169	60,55,60,69,68,68,62,53,63,67,9,7,22,11,10,1
110184	64,29,57,65,62,67,62,63,65,64,10,10,8,11,7,0
110185	56,20,62,64,65,35,62,65,64,63,14,15,7,12,5,0
110189	75,72,63,76,75,80,41,34,45,40,11,10,11,9,12,2
110206	60,58,48,60,70,55,25,35,29,28,8,8,9,14,10,0
110214	60,59,71,70,63,65,60,65,62,66,5,11,11,6,13,1
11024	23,14,17,35,49,23,30,19,16,17,66,65,62,67,70,1
11027	44,47,78,63,59,58,69,68,72,67,7,15,26,12,10,2
110331	68,49,42,58,81,70,61,62,67,72,9,10,18,15,8,0
110378	66,50,71,77,52,74,63,54,64,64,9,14,15,15,11,1
110382	25,25,25,29,40,21,26,25,25,25,67,62,74,64,68,0
11049	66,46,50,59,64,68,63,69,68,77,10,18,55,18,17,1
11052	55,42,57,66,65,56,65,63,64,61,11,17,40,16,17,0
11061	38,45,65,49,57,48,60,63,61,61,7,10,20,16,13,0
110738	47,57,62,52,64,60,42,29,28,25,7,15,6,5,12,0
110878	64,36,63,68,81,70,59,70,67,69,8,14,14,15,14,1
110883	72,61,63,66,77,70,65,71,71,77,14,8,14,8,7,2
110947	55,50,62,63,73,68,62,61,64,62,11,10,19,16,15,0
110948	64,69,49,61,76,73,26,24,30,35,8,7,11,12,6,1
111025	14,7,14,20,40,19,22,9,7,7,70,62,55,65,63,0
111033	58,74,64,65,77,74,26,24,28,27,9,8,7,7,10,2
111060	55,58,41,64,69,60,22,39,40,44,14,9,7,7,12,0
111068	50,70,69,62,75,71,41,24,23,23,12,7,14,12,13,1
111182	67,46,60,63,71,40,66,63,65,63,9,8,5,5,8,0
111190	72,40,57,61,76,63,71,72,70,70,8,8,23,10,12,1
111193	19,18,19,33,37,28,24,19,22,20,60,56,61,59,61,0
111194	51,49,62,65,63,71,53,54,62,58,12,12,18,9,14,0
111199	67,62,48,63,76,79,43,53,49,41,12,11,14,11,10,1
111237	50,62,76,75,53,77,78,66,76,67,12,12,14,15,9,2
111703	46,38,67,58,67,40,62,62,67,61,11,8,17,13,14,0
111704	63,32,38,60,77,52,48,19,25,18,6,16,26,16,16,0
111739	30,26,68,46,53,48,68,68,68,65,12,7,5,12,14,1
111741	22,23,21,23,40,20,25,23,22,22,65,60,55,59,75,0
111747	55,61,46,60,86,61,25,20,26,25,4,13,13,15,6,0
111787	73,65,57,69,79,71,35,31,27,24,11,14,16,11,12,2
111794	70,63,47,65,77,71,33,23,30,29,13,6,18,14,9,1
111800	66,42,67,69,78,66,68,69,74,74,11,11,18,10,12,1
111801	50,42,55,66,62,53,61,58,70,59,9,8,16,15,11,1
111818	28,21,67,43,62,58,66,65,67,65,10,7,9,13,6,0
111819	60,36,50,56,62,51,47,60,59,67,6,14,28,15,14,0
111858	67,42,53,64,87,74,61,66,68,71,5,15,12,7,10,1
111862	76,65,62,78,82,85,70,65,76,75,6,6,15,9,8,2
111865	72,51,65,65,74,79,69,74,74,74,10,10,16,15,11,2
111885	67,50,59,69,70,67,66,66,66,67,6,8,16,10,11,1
111897	67,67,58,69,79,75,36,26,38,37,11,11,13,15,13,2
111909	70,31,65,69,73,60,71,78,75,80,11,16,31,11,16,2
111917	60,57,68,61,65,56,56,48,54,59,6,15,29,12,12,0
111925	41,33,58,64,60,58,59,62,67,49,6,13,13,8,12,0
111930	75,66,70,73,80,73,64,65,68,67,13,6,8,9,6,2
111973	66,42,50,66,72,57,58,56,62,58,5,13,6,5,12,0
111975	53,68,83,58,63,75,34,17,26,18,7,10,18,15,9,2
111994	70,47,60,59,86,68,60,69,71,70,6,13,11,15,7,1
112012	41,72,57,57,87,66,41,17,33,22,15,12,10,7,12,1
112027	53,37,65,62,61,33,43,56,69,67,9,16,37,18,17,0
112035	54,52,67,69,63,66,68,67,67,63,8,10,15,10,12,1
112107	19,20,20,36,40,38,26,18,18,20,71,67,73,67,73,1
112117	35,16,43,68,68,60,59,65,68,63,12,11,10,9,16,1
112119	57,71,67,62,66,83,26,28,42,25,13,15,8,9,11,1
112123	60,20,60,54,71,41,51,61,65,62,12,12,16,12,12,0
112204	58,61,50,63,75,64,39,26,34,33,14,12,6,5,8,0
112205	53,44,73,65,66,65,73,68,71,71,13,9,18,15,11,2
112297	61,60,63,64,67,61,54,50,55,53,7,14,42,14,16,0
112397	65,50,65,70,62,73,63,58,60,67,5,15,19,15,9,1
11242	58,29,53,60,63,49,56,59,61,62,5,12,12,6,9,0
112424	51,70,75,58,59,71,40,11,23,19,9,8,25,6,7,1
112471	59,68,64,67,62,66,33,36,42,41,6,13,21,16,11,1
112476	47,36,69,60,55,49,72,74,74,72,7,10,15,10,11,1
112477	51,29,62,63,65,71,69,70,69,67,7,7,6,15,9,1
112561	49,50,50,52,68,53,44,33,39,43,6,17,28,17,17,0
112563	55,46,71,67,71,57,67,74,70,65,6,7,8,9,12,1
112585	56,44,51,60,75,64,31,34,45,32,12,10,10,8,5,0
11263	56,60,48,64,75,64,30,16,16,10,8,18,25,18,13,0
112656	56,49,49,67,62,69,66,51,63,63,12,13,18,15,13,1
112704	46,17,67,58,61,34,56,65,66,65,8,14,18,14,13,0
112758	48,45,78,78,70,63,81,69,79,71,8,14,21,9,11,2
112801	61,64,45,63,85,65,27,28,25,35,4,15,23,11,8,1
112848	30,21,65,47,64,47,65,67,69,64,14,14,14,9,11,0
11285	66,61,51,66,80,60,31,28,34,27,8,15,8,8,7,1
112881	57,36,60,63,62,54,61,57,62,62,7,16,18,15,15,0